cam_model: Pinhole
cam_width: 640
cam_height: 480
cam_fx: 309.7341908968038
cam_fy: 309.1477339455289
cam_cx: 326.882788729213
cam_cy: 239.30738918846615
cam_d0: -0.0031435706389807347
cam_d1: 0.00269035850576627
cam_d2: -0.001438397247011799
cam_d3: 0.003799496899706567